0 0.002491 0.996549 0.000960
0 0.999961 0.000027 0.000012
0 0.838092 0.087253 0.074655
0 0.994125 0.000004 0.005872
0 0.608032 0.372864 0.019104
0 0.996295 0.000000 0.003705
0 0.998908 0.000536 0.000556
0 0.973767 0.000000 0.026232
0 0.363481 0.635231 0.001287
0 0.073701 0.057442 0.868856
0 0.993535 0.000000 0.006464
0 0.976917 0.007259 0.015824
0 0.999909 0.000000 0.000091
0 0.116746 0.053242 0.830012
0 0.984794 0.000001 0.015205
0 0.997849 0.001950 0.000201
0 0.999692 0.000079 0.000229
0 0.841854 0.000052 0.158093
0 0.996248 0.003686 0.000065
0 0.593443 0.347704 0.058854
0 0.999681 0.000240 0.000080
0 0.996460 0.002024 0.001517
0 0.099172 0.000001 0.900827
0 0.139212 0.840664 0.020124
0 0.527131 0.379191 0.093679
0 0.999859 0.000006 0.000135
0 0.782367 0.205084 0.012548
0 0.992466 0.007079 0.000455
0 0.997414 0.000005 0.002581
0 0.982597 0.010224 0.007179
0 0.999510 0.000000 0.000490
0 0.998553 0.000000 0.001447
0 0.989708 0.002149 0.008143
0 0.684783 0.312583 0.002634
0 0.997543 0.000000 0.002457
0 0.212868 0.775218 0.011914
0 0.923864 0.031476 0.044660
0 0.040978 0.853516 0.105507
1 0.139470 0.664577 0.195953
1 0.000000 0.999934 0.000066
1 0.000764 0.982585 0.016651
1 0.000000 0.995014 0.004986
1 0.014130 0.488364 0.497507
1 0.013544 0.978449 0.008007
1 0.000001 0.995252 0.004747
1 0.894578 0.014452 0.090969
1 0.022258 0.977288 0.000454
1 0.000007 0.999987 0.000006
1 0.000195 0.000061 0.999744
1 0.115594 0.857026 0.027380
1 0.123892 0.854364 0.021744
1 0.323406 0.674853 0.001740
1 0.000018 0.468722 0.531261
1 0.000257 0.984730 0.015014
1 0.000003 0.999802 0.000195
1 0.002857 0.456707 0.540436
1 0.000235 0.999542 0.000223
1 0.000000 0.096582 0.903418
1 0.113081 0.861943 0.024976
1 0.000001 0.988801 0.011198
1 0.000023 0.922815 0.077161
1 0.000003 0.999997 0.000000
1 0.000389 0.999607 0.000004
1 0.000001 0.106151 0.893848
1 0.000000 0.999932 0.000068
1 0.000003 0.994822 0.005174
1 0.000163 0.999163 0.000674
1 0.000112 0.999886 0.000001
2 0.000000 0.000000 1.000000
2 0.067139 0.034623 0.898238
2 0.233544 0.007897 0.758560
2 0.000000 0.000000 1.000000
2 0.000000 0.000000 1.000000
2 0.000000 0.000000 1.000000
2 0.000000 0.000963 0.999037
2 0.000000 0.001512 0.998488
2 0.002726 0.889138 0.108136
2 0.000000 0.000000 1.000000
2 0.881423 0.001850 0.116728
2 0.000351 0.000095 0.999554
2 0.000001 0.000020 0.999980
2 0.906393 0.000577 0.093031
2 0.000000 0.000605 0.999395
2 0.000000 0.494094 0.505906
2 0.000000 0.489627 0.510373
2 0.000269 0.006691 0.993040
2 0.000000 0.000987 0.999013
2 0.000000 0.000867 0.999133
2 0.000000 0.000000 1.000000
2 0.000000 0.005889 0.994111
2 0.107678 0.258322 0.634000
2 0.010327 0.001045 0.988627
2 0.999775 0.000000 0.000225
2 0.000000 0.000000 1.000000
2 0.000000 0.000042 0.999958
2 0.000000 0.058756 0.941244
2 0.000401 0.048117 0.951481
2 0.000000 0.017438 0.982562
2 0.000022 0.000031 0.999947
2 0.000000 0.000000 1.000000
2 0.000014 0.073906 0.926081
2 0.000000 0.303537 0.696463
2 0.001161 0.765172 0.233667
2 0.000001 0.000015 0.999985
