0 0.003862 0.994774 0.001364
0 0.999970 0.000014 0.000016
0 0.866073 0.054266 0.079661
0 0.995013 0.000002 0.004985
0 0.709879 0.269767 0.020355
0 0.996691 0.000000 0.003309
0 0.999509 0.000195 0.000296
0 0.979867 0.000000 0.020133
0 0.440208 0.558083 0.001710
0 0.078172 0.034315 0.887514
0 0.992722 0.000000 0.007278
0 0.976851 0.005071 0.018078
0 0.999902 0.000000 0.000098
0 0.114058 0.037733 0.848209
0 0.985406 0.000001 0.014594
0 0.998354 0.001417 0.000229
0 0.999705 0.000055 0.000240
0 0.812890 0.000023 0.187086
0 0.997248 0.002669 0.000083
0 0.647262 0.275080 0.077658
0 0.999739 0.000170 0.000091
0 0.996735 0.001108 0.002157
0 0.139212 0.000001 0.860787
0 0.263804 0.711322 0.024874
0 0.846707 0.101879 0.051414
0 0.999822 0.000003 0.000175
0 0.839513 0.147580 0.012907
0 0.994494 0.005015 0.000491
0 0.997143 0.000004 0.002854
0 0.983198 0.007432 0.009370
0 0.999485 0.000000 0.000515
0 0.998499 0.000000 0.001501
0 0.993779 0.000898 0.005324
0 0.838708 0.159407 0.001884
0 0.996847 0.000000 0.003153
0 0.323693 0.647641 0.028666
0 0.927618 0.022903 0.049479
0 0.059107 0.798234 0.142659
1 0.199576 0.563806 0.236617
1 0.000000 0.999904 0.000096
1 0.001398 0.975213 0.023390
1 0.000000 0.993001 0.006999
1 0.031090 0.387293 0.581618
1 0.018730 0.969309 0.011961
1 0.000001 0.991863 0.008135
1 0.948446 0.004054 0.047500
1 0.032089 0.967274 0.000637
1 0.000010 0.999982 0.000008
1 0.000193 0.000042 0.999765
1 0.163147 0.800683 0.036170
1 0.256750 0.715850 0.027400
1 0.464526 0.533033 0.002441
1 0.000021 0.383303 0.616676
1 0.000453 0.977520 0.022028
1 0.000005 0.999711 0.000284
1 0.003104 0.357655 0.639241
1 0.000741 0.998848 0.000411
1 0.000000 0.070678 0.929322
1 0.148015 0.818168 0.033817
1 0.000006 0.971263 0.028731
1 0.000038 0.894583 0.105379
1 0.000004 0.999996 0.000000
1 0.000587 0.999407 0.000006
1 0.000001 0.077147 0.922853
1 0.000000 0.999883 0.000117
1 0.000005 0.992356 0.007638
1 0.000249 0.998804 0.000947
1 0.000161 0.999837 0.000002
2 0.000000 0.000000 1.000000
2 0.064323 0.023375 0.912302
2 0.217172 0.005292 0.777536
2 0.000000 0.000000 1.000000
2 0.000000 0.000000 1.000000
2 0.000000 0.000000 1.000000
2 0.000000 0.000583 0.999417
2 0.000000 0.001070 0.998929
2 0.003557 0.829277 0.167166
2 0.000000 0.000000 1.000000
2 0.919386 0.000694 0.079920
2 0.000293 0.000054 0.999653
2 0.000000 0.000013 0.999987
2 0.882958 0.000402 0.116640
2 0.000000 0.000340 0.999660
2 0.000000 0.396152 0.603848
2 0.000000 0.339410 0.660590
2 0.000308 0.004723 0.994969
2 0.000000 0.000549 0.999451
2 0.000000 0.000611 0.999389
2 0.000000 0.000000 1.000000
2 0.000000 0.003951 0.996049
2 0.173565 0.170324 0.656111
2 0.010007 0.000724 0.989270
2 0.999839 0.000000 0.000161
2 0.000000 0.000000 1.000000
2 0.000000 0.000028 0.999972
2 0.000000 0.036705 0.963295
2 0.000387 0.033659 0.965953
2 0.000000 0.010322 0.989678
2 0.000021 0.000022 0.999957
2 0.000000 0.000000 1.000000
2 0.000020 0.050274 0.949706
2 0.000000 0.236250 0.763750
2 0.002450 0.678207 0.319343
2 0.000000 0.000008 0.999991
