0 0.001764 0.997540 0.000696
0 0.999956 0.000029 0.000015
0 0.798755 0.104734 0.096511
0 0.993899 0.000013 0.006087
0 0.490704 0.491851 0.017446
0 0.996086 0.000000 0.003914
0 0.999196 0.000371 0.000433
0 0.978645 0.000000 0.021355
0 0.387267 0.611140 0.001593
0 0.126844 0.049038 0.824118
0 0.991186 0.000000 0.008814
0 0.974992 0.009855 0.015153
0 0.999862 0.000000 0.000138
0 0.094113 0.058152 0.847735
0 0.984400 0.000002 0.015598
0 0.997633 0.002117 0.000250
0 0.999655 0.000140 0.000205
0 0.755908 0.000054 0.244038
0 0.993941 0.005993 0.000065
0 0.433967 0.513415 0.052618
0 0.999249 0.000647 0.000104
0 0.996014 0.001934 0.002052
0 0.247770 0.000001 0.752229
0 0.157785 0.828057 0.014158
0 0.666816 0.273160 0.060024
0 0.999808 0.000006 0.000186
0 0.745069 0.241238 0.013694
0 0.985641 0.013854 0.000506
0 0.996828 0.000014 0.003159
0 0.978570 0.013346 0.008084
0 0.999405 0.000000 0.000595
0 0.998136 0.000000 0.001864
0 0.989885 0.003412 0.006704
0 0.746049 0.251667 0.002284
0 0.996923 0.000000 0.003077
0 0.114175 0.877077 0.008749
0 0.909808 0.035615 0.054577
0 0.052851 0.808624 0.138525
1 0.166165 0.629537 0.204298
1 0.000000 0.999931 0.000069
1 0.001061 0.978453 0.020487
1 0.000000 0.993443 0.006557
1 0.026591 0.383511 0.589898
1 0.012964 0.978999 0.008037
1 0.000000 0.996121 0.003878
1 0.946447 0.006756 0.046797
1 0.023090 0.976351 0.000559
1 0.000004 0.999992 0.000003
1 0.000182 0.000051 0.999767
1 0.121187 0.851448 0.027366
1 0.074406 0.913945 0.011649
1 0.250974 0.747623 0.001403
1 0.000018 0.420167 0.579815
1 0.000188 0.988417 0.011395
1 0.000003 0.999795 0.000202
1 0.002429 0.456905 0.540666
1 0.000263 0.999502 0.000234
1 0.000000 0.086794 0.913206
1 0.096114 0.880596 0.023289
1 0.000001 0.995781 0.004218
1 0.000027 0.907583 0.092390
1 0.000001 0.999999 0.000000
1 0.000376 0.999620 0.000004
1 0.000000 0.138993 0.861006
1 0.000000 0.999893 0.000107
1 0.000004 0.995106 0.004890
1 0.000092 0.999410 0.000498
1 0.000074 0.999924 0.000001
2 0.000000 0.000000 1.000000
2 0.056385 0.035601 0.908014
2 0.218649 0.007888 0.773463
2 0.000000 0.000000 1.000000
2 0.000000 0.000000 1.000000
2 0.000000 0.000000 1.000000
2 0.000000 0.001381 0.998619
2 0.000000 0.001157 0.998843
2 0.002802 0.879879 0.117319
2 0.000000 0.000000 1.000000
2 0.924331 0.001645 0.074023
2 0.000306 0.000102 0.999592
2 0.000000 0.000141 0.999859
2 0.892176 0.000642 0.107182
2 0.000000 0.000953 0.999047
2 0.000000 0.516281 0.483719
2 0.000000 0.592305 0.407695
2 0.000286 0.013479 0.986236
2 0.000000 0.000900 0.999100
2 0.000000 0.001132 0.998868
2 0.000000 0.000000 1.000000
2 0.000000 0.006524 0.993476
2 0.126454 0.155034 0.718511
2 0.009486 0.001271 0.989243
2 0.999765 0.000000 0.000235
2 0.000000 0.000000 1.000000
2 0.000000 0.000034 0.999966
2 0.000000 0.115709 0.884291
2 0.000443 0.053363 0.946195
2 0.000000 0.011750 0.988250
2 0.000020 0.000070 0.999910
2 0.000000 0.000000 1.000000
2 0.000014 0.053142 0.946844
2 0.000000 0.284440 0.715560
2 0.001554 0.692011 0.306435
2 0.000000 0.000016 0.999983
